0.000 | 192.0
0.023 | 154.7
0.046 | 165.1
0.070 | 177.7
0.093 | 196.9
0.116 | 203.3
0.139 | 537.1
0.163 | 539.8
0.186 | 214.7
0.209 | 211.3
0.232 | 544.9
0.255 | 545.7
0.279 | 548.7
0.302 | 545.4
0.325 | 550.2
0.348 | 330.1
0.372 | 328.0
0.395 | 439.7
0.418 | 327.0
0.441 | 442.3
0.464 | 443.3
0.488 | 663.2
0.511 | 671.2
0.534 | 681.6
0.557 | 438.9
0.580 | 439.3
0.604 | 437.6
0.627 | 440.1
0.650 | 438.6
0.673 | 439.8
0.697 | 438.6
0.720 | 450.8
0.743 | 450.3
0.766 | 739.3
0.789 | 742.3
0.813 | 742.3
0.836 | 742.0
0.859 | 742.7
0.882 | 749.9
0.906 | 749.3
0.929 | 745.4
0.952 | 686.9
0.975 | 679.9
0.998 | 532.3
1.022 | 532.0
1.045 | 536.1
1.068 | 540.6
1.091 | 657.6
1.115 | 567.1
1.138 | 656.3
1.161 | 663.6
1.184 | 660.7
1.207 | 657.2
1.231 | 971.1
1.254 | 687.7
1.277 | 982.6
1.300 | 529.2
1.324 | 534.2
1.347 | 664.6
1.370 | 665.9
1.393 | 653.2
1.416 | 659.0
1.440 | 653.0
1.463 | 656.9
1.486 | 668.8
1.509 | 676.8
1.533 | 684.9
1.556 | 695.8
1.579 | 695.5
1.602 | 694.9
1.625 | 702.3
1.649 | 700.4
1.672 | 691.5
1.695 | 989.2
1.718 | 991.0
1.741 | 983.8
1.765 | 983.8
1.788 | 989.1
1.811 | 983.6
1.834 | 984.9
1.858 | 987.9
1.881 | 983.5
1.904 | 985.3
1.927 | 988.6
1.950 | 986.3
1.974 | 988.4
1.997 | 782.8
2.020 | 786.0
2.043 | 1560.4
2.067 | 784.6
2.090 | 1584.7
2.113 | 1591.3
2.136 | 1173.7
2.159 | 1605.8
2.183 | 1603.5
2.206 | 1171.9
2.229 | 1175.1
2.252 | 1171.1
2.276 | 1562.5
2.299 | 1570.8
2.322 | 1569.5
2.345 | 1561.6
2.368 | 1044.6
2.392 | 525.2
2.415 | 1041.8
2.438 | 518.7
2.461 | 1046.3
2.485 | 1046.2
2.508 | 656.9
2.531 | 741.8
2.554 | 740.9
2.577 | 522.7
2.601 | 1045.8
2.624 | 656.1
2.647 | 867.5
2.670 | 782.0
2.694 | 1045.3
2.717 | 1040.4
2.740 | 1038.6
2.763 | 1046.8
2.786 | 1173.5
2.810 | 1038.9
2.833 | 1033.9
2.856 | 654.4
2.879 | 652.5
2.902 | 1033.2
2.926 | 1033.6
2.949 | 1037.4
2.972 | 1048.8
2.995 | 1053.3
3.019 | 516.1
3.042 | 518.0
3.065 | 563.3
3.088 | 560.4
3.111 | 1042.6
3.135 | 554.0
3.158 | 556.6
3.181 | 1041.0
3.204 | 1042.5
3.228 | 1042.8
3.251 | 1045.8
3.274 | 1044.3
3.297 | 1042.7
3.320 | 1045.3
3.344 | 1039.1
3.367 | 1038.7
3.390 | 989.3
3.413 | 990.6
3.437 | 988.6
3.460 | 989.6
3.483 | 780.4
3.506 | 1044.2
3.529 | 1043.1
3.553 | 1046.2
3.576 | 1039.7
3.599 | 780.1
3.622 | 683.3
3.646 | 1572.1
3.669 | 656.1
3.692 | 1175.7
3.715 | 518.6
3.738 | 517.8
3.762 | 1172.2
3.785 | 1174.8
3.808 | 1175.9
3.831 | 1167.8
3.855 | 1172.2
3.878 | 980.4
3.901 | 979.6
3.924 | 981.8
3.947 | 989.5
3.971 | 993.2
3.994 | 990.1
4.017 | 1444.3
4.040 | 1444.1
4.063 | 1445.6
4.087 | 1172.0
4.110 | 1173.4
4.133 | 1178.1
4.156 | 1181.8
4.180 | 1175.5
4.203 | 1171.0
4.226 | 1165.4
4.249 | 1164.9
4.272 | 1167.7
4.296 | 1171.9
4.319 | 522.1
4.342 | 527.1
4.365 | 526.1
4.389 | 1571.1
4.412 | 1564.7
4.435 | 1559.5
4.458 | 1552.1
4.481 | 1553.0
4.505 | 1559.0
4.528 | 1562.3
4.551 | 1565.6
4.574 | 980.2
4.598 | 1047.6
4.621 | 1176.0
4.644 | 1191.6
4.667 | 1195.5
4.690 | 981.7
4.714 | 982.7
4.737 | 1054.0
4.760 | 1052.2
4.783 | 664.4
4.807 | 658.8
4.830 | 657.1
4.853 | 665.7
4.876 | 596.0
4.899 | 655.9
4.923 | 654.1
4.946 | 784.4
4.969 | 784.4
4.992 | 1046.7
5.016 | 967.3
5.039 | 592.5
5.062 | 568.2
5.085 | 789.5
5.108 | 787.4
5.132 | 1476.5
5.155 | 1478.8
5.178 | 1483.0
5.201 | 1485.1
5.224 | 1485.3
5.248 | 726.2
5.271 | 976.1
5.294 | 976.5
5.317 | 1172.1
5.341 | 972.4
5.364 | 989.5
5.387 | 980.1
5.410 | 1313.6
5.433 | 1044.5
5.457 | 1556.0
5.480 | 1557.6
5.503 | 1552.6
5.526 | 1550.6
5.550 | 1552.3
5.573 | 1552.6
5.596 | 1555.6
5.619 | 1558.9
5.642 | 1560.5
5.666 | 980.9
5.689 | 1454.2
5.712 | 1470.1
5.735 | 1484.3
5.759 | 1484.4
5.782 | 1485.0
5.805 | 1492.6
5.828 | 1510.8
5.851 | 1518.4
5.875 | 1520.7
5.898 | 1517.5
5.921 | 1182.1
5.944 | 1183.2
5.968 | 1182.6
5.991 | 1179.3
6.014 | 1764.5
6.037 | 1769.7
6.060 | 1767.4
6.084 | 1766.4
6.107 | 1766.8
6.130 | 1569.0
6.153 | 1568.6
6.177 | 1568.2
6.200 | 1567.2
6.223 | 1565.7
6.246 | 1564.2
6.269 | 1563.4
6.293 | 1563.0
6.316 | 2259.0
6.339 | 1570.3
6.362 | 989.0
6.385 | 991.3
6.409 | 776.4
6.432 | 777.5
6.455 | 779.2
6.478 | 779.0
6.502 | 778.2
6.525 | 776.1
6.548 | 775.3
6.571 | 661.2
6.594 | 661.5
6.618 | 778.8
6.641 | 872.6
6.664 | 872.0
6.687 | 872.9
6.711 | 871.2
6.734 | 872.8
6.757 | 872.4
6.780 | 1471.3
6.803 | 785.6
6.827 | 980.6
6.850 | 976.7
6.873 | 978.9
6.896 | 978.8
6.920 | 978.2
6.943 | 976.5
6.966 | 656.2
6.989 | 1564.0
7.012 | 652.5
7.036 | 679.0
7.059 | 684.9
7.082 | 688.9
7.105 | 694.2
7.129 | 690.8
7.152 | 874.0
7.175 | 982.5
7.198 | 1557.5
7.221 | 1555.9
7.245 | 1555.0
7.268 | 1551.8
7.291 | 1553.0
7.314 | 1556.0
7.338 | 1553.9
7.361 | 1552.8
7.384 | 1554.9
7.407 | 1558.7
7.430 | 1514.3
7.454 | 1530.0
7.477 | 1547.3
7.500 | 1560.9
7.523 | 1571.3
7.546 | 1582.7
7.570 | 979.9
7.593 | 981.0
7.616 | 1759.8
7.639 | 1754.6
7.663 | 1754.4
7.686 | 1792.9
7.709 | 1807.2
7.732 | 1822.1
7.755 | 1833.1
7.779 | 1845.0
7.802 | 1853.5
7.825 | 1560.8
7.848 | 1559.8
7.872 | 1560.3
7.895 | 2293.6
7.918 | 2316.6
7.941 | 2341.8
7.964 | 2343.7
7.988 | 2342.9
8.011 | 2345.2
8.034 | 1565.5
8.057 | 1569.9
8.081 | 980.5
8.104 | 980.8
8.127 | 1166.8
8.150 | 1167.0
8.173 | 1168.3
8.197 | 980.4
8.220 | 980.8
8.243 | 979.4
8.266 | 978.3
8.290 | 978.9
8.313 | 978.7
8.336 | 979.8
8.359 | 979.6
8.382 | 977.4
8.406 | 979.2
8.429 | 979.5
8.452 | 979.8
8.475 | 980.2
8.499 | 984.2
8.522 | 988.4
8.545 | 991.7
8.568 | 988.8
8.591 | 988.0
8.615 | 987.7
8.638 | 987.3
8.661 | 987.8
8.684 | 983.4
8.707 | 767.0
8.731 | 1322.4
8.754 | 1322.5
8.777 | 1323.0
8.800 | 1322.1
8.824 | 1322.8
8.847 | 1323.0
8.870 | 1322.5
8.893 | 1572.3
8.916 | 1573.5
8.940 | 1575.2
8.963 | 1575.2
8.986 | 1574.0
9.009 | 1574.0
9.033 | 2358.7
9.056 | 2361.0
9.079 | 2361.3
9.102 | 1584.6
9.125 | 1603.0
9.149 | 1170.0
9.172 | 1167.0
9.195 | 1164.0
9.218 | 1166.5
9.242 | 992.9
9.265 | 992.6
9.288 | 992.0
9.311 | 1860.9
9.334 | 1869.1
9.358 | 1893.2
9.381 | 1907.6
9.404 | 1183.0
9.427 | 1182.4
9.451 | 1181.9
9.474 | 1183.3
9.497 | 1184.2
9.520 | 1573.5
9.543 | 1580.0
9.567 | 1581.2
9.590 | 1579.4
9.613 | 1578.2
9.636 | 1577.5
9.660 | 1578.2
9.683 | 1577.7
9.706 | 1575.9
9.729 | 1572.8
9.752 | 1568.2
9.776 | 1571.7
9.799 | 1181.2
9.822 | 1181.9
9.845 | 1183.0
9.868 | 782.5
9.892 | 785.4
9.915 | 783.5
9.938 | 1179.9
9.961 | 881.8
9.985 | 886.0
10.008 | 883.6
10.031 | 883.7
10.054 | 884.3
10.077 | 883.8
10.101 | 883.0
10.124 | 883.2
10.147 | 883.2
10.170 | 989.2
10.194 | 991.3
10.217 | 991.3
10.240 | 991.1
10.263 | 990.6
10.286 | 990.3
10.310 | 989.8
10.333 | 989.9
10.356 | 989.1
10.379 | 1320.9
10.403 | 1320.7
10.426 | 1320.5
10.449 | 1320.5
10.472 | 1319.9
10.495 | 1319.0
10.519 | 1318.1
10.542 | 1317.9
10.565 | 1318.1
10.588 | 1565.2
10.612 | 1566.5
10.635 | 1567.7
10.658 | 1568.2
10.681 | 1567.2
10.704 | 1565.1
10.728 | 1564.2
10.751 | 1564.8
10.774 | 1566.2
10.797 | 1570.2
10.820 | 985.7
10.844 | 985.4
10.867 | 984.4
10.890 | 1970.3
10.913 | 1971.8
10.937 | 1970.5
10.960 | 1967.4
10.983 | 1968.4
11.006 | 1970.3
11.029 | 1573.3
11.053 | 1573.0
11.076 | 1170.0
11.099 | 1169.7
11.122 | 1169.8
11.146 | 1169.8
11.169 | 1169.3
11.192 | 1557.4
11.215 | 1557.1
11.238 | 1558.7
11.262 | 1558.5
11.285 | 1558.5
11.308 | 1558.7
11.331 | 1558.2
11.355 | 1557.5
11.378 | 1557.8
11.401 | 1557.7
11.424 | 1557.3
11.447 | 1571.6
11.471 | 1562.1
11.494 | 1560.6
11.517 | 1557.9
11.540 | 1168.3
11.564 | 1554.7
11.587 | 1557.1
11.610 | 1557.8
11.633 | 1557.8
11.656 | 1558.7
11.680 | 1558.4
11.703 | 1556.3
11.726 | 1558.1
11.749 | 1558.0
11.773 | 1554.2
11.796 | 871.3
11.819 | 872.2
11.842 | 1168.5
11.865 | 1169.9
11.889 | 978.6
11.912 | 978.6
11.935 | 1557.2
11.958 | 1557.9
11.981 | 1558.4
12.005 | 1558.3
12.028 | 1557.7
12.051 | 1557.5
12.074 | 1558.0
12.098 | 1557.6
12.121 | 1556.5
12.144 | 1304.8
12.167 | 1305.6
12.190 | 1305.2
12.214 | 1304.9
12.237 | 1305.5
12.260 | 1543.2
12.283 | 1552.6
12.307 | 1554.0
12.330 | 1553.8
12.353 | 1553.4
12.376 | 1553.9
12.399 | 1554.3
12.423 | 1554.0
12.446 | 1554.8
12.469 | 3111.3
12.492 | 1962.4
12.516 | 1170.0
12.539 | 1171.1
12.562 | 1964.0
12.585 | 980.1
12.608 | 980.4
12.632 | 1961.9
12.655 | 1960.6
12.678 | 1967.2
12.701 | 2336.9
12.725 | 2338.0
12.748 | 2336.3
12.771 | 1168.8
12.794 | 1169.2
12.817 | 1168.8
12.841 | 2336.4
12.864 | 2337.5
12.887 | 2338.0
12.910 | 1559.6
12.934 | 1560.5
12.957 | 1561.0
12.980 | 1561.1
13.003 | 1561.2
13.026 | 1561.7
13.050 | 1561.9
13.073 | 1562.1
13.096 | 1562.0
13.119 | 1561.4
13.142 | 1554.2
13.166 | 1561.5
13.189 | 1167.9
13.212 | 1168.5
13.235 | 1169.5
13.259 | 1552.7
13.282 | 1558.4
13.305 | 1560.7
13.328 | 1560.6
13.351 | 1560.6
13.375 | 1561.5
13.398 | 1562.4
13.421 | 1562.1
13.444 | 1560.4
13.468 | 879.8
13.491 | 880.2
13.514 | 881.4
13.537 | 1562.0
13.560 | 989.6
13.584 | 988.7
13.607 | 988.8
13.630 | 989.3
13.653 | 1561.0
13.677 | 1561.2
13.700 | 1561.1
13.723 | 1561.4
13.746 | 1561.9
13.769 | 1562.2
13.793 | 1561.9
13.816 | 1562.3
13.839 | 1322.8
13.862 | 1322.9
13.886 | 1323.2
13.909 | 1323.1
13.932 | 1323.2
13.955 | 1570.5
13.978 | 1572.0
14.002 | 1572.1
14.025 | 1574.7
14.048 | 1574.1
14.071 | 1572.7
14.095 | 1574.8
14.118 | 1575.7
14.141 | 1573.9
14.164 | 1986.8
14.187 | 1986.9
14.211 | 1987.0
14.234 | 1989.3
14.257 | 1988.9
14.280 | 1986.0
14.303 | 1985.2
14.327 | 1986.5
14.350 | 1990.4
14.373 | 1994.3
14.396 | 1562.5
14.420 | 1563.1
14.443 | 2366.8
14.466 | 1183.0
14.489 | 1563.6
14.512 | 1183.7
14.536 | 2365.5
14.559 | 2365.8
14.582 | 2366.7
14.605 | 1576.5
14.629 | 1577.9
14.652 | 1577.6
14.675 | 1577.3
14.698 | 1577.6
14.721 | 1576.6
14.745 | 1576.8
14.768 | 1575.5
14.791 | 1572.3
14.814 | 1591.7
14.838 | 1182.6
14.861 | 1183.7
14.884 | 1183.1
14.907 | 1181.6
14.930 | 1183.7
14.954 | 660.5
14.977 | 987.2
15.000 | 1185.6
15.023 | 980.7
15.047 | 883.9
15.070 | 883.1
15.093 | 882.7
15.116 | 1181.7
15.139 | 883.1
15.163 | 882.2
15.186 | 1181.6
15.209 | 1184.1
15.232 | 1182.6
15.256 | 1181.4
15.279 | 990.8
15.302 | 990.3
15.325 | 989.1
15.348 | 987.8
15.372 | 988.8
15.395 | 990.4
15.418 | 1575.6
15.441 | 1576.5
15.464 | 1575.8
15.488 | 1573.7
15.511 | 1320.2
15.534 | 1319.6
15.557 | 1318.6
15.581 | 1317.6
15.604 | 1317.1
15.627 | 1317.0
15.650 | 1568.5
15.673 | 1568.4
15.697 | 1567.8
15.720 | 1565.1
15.743 | 1564.2
15.766 | 1565.4
15.790 | 1564.8
15.813 | 1562.8
15.836 | 1563.3
15.859 | 1970.1
15.882 | 1970.7
15.906 | 1970.9
15.929 | 1970.7
15.952 | 1968.7
15.975 | 1967.6
15.999 | 1969.3
16.022 | 1969.3
16.045 | 1966.4
16.068 | 1962.0
16.091 | 1169.9
16.115 | 1170.5
16.138 | 1572.5
16.161 | 1170.3
16.184 | 1169.2
16.208 | 2335.7
16.231 | 2336.5
16.254 | 2335.2
16.277 | 2337.4
16.300 | 2783.1
16.324 | 2799.7
16.347 | 1747.4
16.370 | 3497.0
16.393 | 3496.9
16.417 | 1746.5
16.440 | 1746.4
16.463 | 1746.6
16.486 | 1751.3
16.509 | 1754.6
16.533 | 1169.8
16.556 | 1168.1
16.579 | 1167.8
16.602 | 1168.7
16.625 | 1168.9
16.649 | 1747.5
16.672 | 1747.3
16.695 | 1748.2
16.718 | 1747.9
16.742 | 1747.0
16.765 | 1746.7
16.788 | 1746.1
16.811 | 1746.1
16.834 | 1747.9
16.858 | 1170.1
16.881 | 1169.9
16.904 | 1168.4
16.927 | 1166.6
16.951 | 1167.7
16.974 | 978.1
16.997 | 976.9
17.020 | 1747.6
17.043 | 978.6
17.067 | 977.5
17.090 | 1746.9
17.113 | 1746.8
17.136 | 1746.5
17.160 | 1746.2
17.183 | 1747.7
17.206 | 1306.0
17.229 | 1306.4
17.252 | 1305.9
17.276 | 1305.7
17.299 | 1305.9
17.322 | 1309.2
17.345 | 1747.4
17.369 | 1748.1
17.392 | 1748.2
17.415 | 1747.3
17.438 | 1746.9
17.461 | 1746.9
17.485 | 1746.5
17.508 | 1746.2
17.531 | 1748.4
17.554 | 1962.2
17.578 | 1963.1
17.601 | 1960.7
17.624 | 1963.4
17.647 | 1963.7
17.670 | 1960.9
17.694 | 1966.1
17.717 | 1962.6
17.740 | 1961.9
17.763 | 1970.2
17.786 | 1746.7
17.810 | 1170.2
17.833 | 1169.9
17.856 | 1746.2
17.879 | 1557.5
17.903 | 2339.4
17.926 | 2337.9
17.949 | 1550.2
17.972 | 1559.1
17.995 | 1561.6
18.019 | 1562.1
18.042 | 1561.7
18.065 | 1561.8
18.088 | 1562.3
18.112 | 1562.8
18.135 | 1562.9
18.158 | 1562.7
18.181 | 1746.7
18.204 | 1557.9
18.228 | 1558.1
18.251 | 1169.5
18.274 | 1169.5
18.297 | 1169.6
18.321 | 1170.0
18.344 | 1561.0
18.367 | 1562.2
18.390 | 1561.9
18.413 | 1561.2
18.437 | 1562.4
18.460 | 1563.5
18.483 | 1562.8
18.506 | 1561.6
18.530 | 1558.5
18.553 | 1169.9
18.576 | 1169.2
18.599 | 1168.7
18.622 | 1169.2
18.646 | 1169.4
18.669 | 1169.7
18.692 | 1561.1
18.715 | 1561.3
18.739 | 1561.6
18.762 | 1561.7
18.785 | 1562.3
18.808 | 1563.3
18.831 | 1563.2
18.855 | 1562.3
18.878 | 1562.1
18.901 | 1324.1
18.924 | 1323.8
18.947 | 1323.3
18.971 | 1323.6
18.994 | 1323.7
19.017 | 1574.7
19.040 | 1576.8
19.064 | 1575.1
19.087 | 1572.9
19.110 | 1575.3
19.133 | 1577.0
19.156 | 1574.0
19.180 | 1574.6
19.203 | 1578.5
19.226 | 1573.9
19.249 | 1989.2
19.273 | 1988.1
19.296 | 1986.8
19.319 | 1988.6
19.342 | 1991.2
19.365 | 1989.0
19.389 | 1987.8
19.412 | 1988.8
19.435 | 1992.1
19.458 | 1561.4
19.482 | 1561.5
19.505 | 1567.2
19.528 | 2366.6
19.551 | 2364.2
19.574 | 2368.1
19.598 | 2364.9
19.621 | 2362.9
19.644 | 2366.8
19.667 | 1988.8
19.691 | 1575.6
19.714 | 1575.3
19.737 | 1576.0
19.760 | 1576.3
19.783 | 1576.3
19.807 | 1574.7
19.830 | 1573.6
19.853 | 1571.5
19.876 | 1595.4
19.900 | 1572.7
19.923 | 1573.5
19.946 | 1183.5
19.969 | 1183.2
19.992 | 1178.6
20.016 | 1572.0
20.039 | 1574.7
20.062 | 658.1
20.085 | 883.1
20.108 | 882.9
20.132 | 882.7
20.155 | 882.8
20.178 | 1184.1
20.201 | 1183.8
20.225 | 1185.0
20.248 | 1182.7
20.271 | 1181.1
20.294 | 1571.2
20.317 | 1182.8
20.341 | 1179.4
20.364 | 988.7
20.387 | 1574.6
20.410 | 989.6
20.434 | 988.8
20.457 | 987.8
20.480 | 1575.4
20.503 | 1574.8
20.526 | 1574.0
20.550 | 1573.3
20.573 | 1319.0
20.596 | 1318.0
20.619 | 1317.1
20.643 | 1316.3
20.666 | 1316.0
20.689 | 1316.2
20.712 | 1562.7
20.735 | 1563.1
20.759 | 1564.4
20.782 | 1566.2
20.805 | 1565.0
20.828 | 1562.8
20.852 | 1563.0
20.875 | 1563.4
20.898 | 1562.9
20.921 | 1969.4
20.944 | 1968.1
20.968 | 1967.8
20.991 | 1968.6
21.014 | 1969.9
21.037 | 1968.7
21.060 | 1963.9
21.084 | 1968.2
21.107 | 1968.0
21.130 | 1972.2
21.153 | 2343.3
21.177 | 1169.8
21.200 | 1167.4
21.223 | 2337.0
21.246 | 2336.1
21.269 | 2334.0
21.293 | 2335.4
21.316 | 2334.1
21.339 | 2336.8
21.362 | 2346.2
21.386 | 1556.7
21.409 | 1556.7
21.432 | 1556.8
21.455 | 1555.7
21.478 | 1555.3
21.502 | 1554.5
21.525 | 1554.3
21.548 | 1589.5
21.571 | 1560.2
21.595 | 1560.3
21.618 | 1166.3
21.641 | 1165.7
21.664 | 1166.9
21.687 | 1168.3
21.711 | 648.9
21.734 | 654.4
21.757 | 1557.3
21.780 | 1557.8
21.804 | 1556.2
21.827 | 1555.9
21.850 | 1553.9
21.873 | 1553.5
21.896 | 1169.1
21.920 | 1168.7
21.943 | 870.2
21.966 | 872.7
21.989 | 1165.6
22.013 | 1166.7
22.036 | 977.0
22.059 | 1557.4
22.082 | 1557.7
22.105 | 1555.3
22.129 | 1556.7
22.152 | 1557.1
22.175 | 1555.8
22.198 | 1553.9
22.221 | 1554.2
22.245 | 1555.7
22.268 | 1560.0
22.291 | 1307.2
22.314 | 1307.2
22.338 | 1307.4
22.361 | 1307.3
22.384 | 1309.6
22.407 | 1553.9
22.430 | 1557.5
22.454 | 1557.6
22.477 | 1557.2
22.500 | 1557.3
22.523 | 1557.6
22.547 | 1557.4
22.570 | 1557.4
22.593 | 1557.6
22.616 | 1556.4
22.639 | 1965.2
22.663 | 1966.6
22.686 | 1962.5
22.709 | 1965.4
22.732 | 1967.5
22.756 | 1962.5
22.779 | 1964.5
22.802 | 1969.5
22.825 | 1974.2
22.848 | 2345.9
22.872 | 2340.2
22.895 | 1556.4
22.918 | 1555.9
22.941 | 1555.6
22.965 | 2343.0
22.988 | 2341.4
23.011 | 2339.9
23.034 | 2338.0
23.057 | 1563.0
23.081 | 1563.0
23.104 | 1563.5
23.127 | 1563.0
23.150 | 1562.7
23.174 | 1563.3
23.197 | 1564.3
23.220 | 1565.8
23.243 | 1569.3
23.266 | 1567.1
23.290 | 1171.0
23.313 | 1170.7
23.336 | 1170.9
23.359 | 1171.1
23.382 | 1171.3
23.406 | 1562.9
23.429 | 1562.5
23.452 | 1563.5
23.475 | 1563.1
23.499 | 1561.9
23.522 | 1562.9
23.545 | 1565.1
23.568 | 1170.8
23.591 | 1170.7
23.615 | 1170.5
23.638 | 1170.6
23.661 | 1170.0
23.684 | 1170.4
23.708 | 1170.5
23.731 | 1169.7
23.754 | 1561.9
23.777 | 1563.1
23.800 | 1564.1
23.824 | 1563.8
23.847 | 1562.7
23.870 | 1562.9
23.893 | 1563.8
23.917 | 1566.1
23.940 | 1568.9
23.963 | 1324.7
23.986 | 1324.4
24.009 | 1324.4
24.033 | 1324.3
24.056 | 1324.6
24.079 | 1324.0
24.102 | 1578.1
24.126 | 1577.3
24.149 | 1573.7
24.172 | 1577.9
24.195 | 1580.6
24.218 | 1574.6
24.242 | 1577.6
24.265 | 1580.5
24.288 | 1577.5
24.311 | 1990.5
24.335 | 1989.0
24.358 | 1989.4
24.381 | 1991.6
24.404 | 1991.0
24.427 | 1989.0
24.451 | 1989.3
24.474 | 1991.4
24.497 | 1991.5
24.520 | 1989.9
24.543 | 2360.8
24.567 | 2364.0
24.590 | 2364.2
24.613 | 2360.9
24.636 | 2364.2
24.660 | 2364.8
24.683 | 2360.2
24.706 | 2357.8
24.729 | 2347.4
24.752 | 1988.4
24.776 | 1992.3
24.799 | 1990.5
24.822 | 1990.0
24.845 | 1573.7
24.869 | 1573.1
24.892 | 1573.1
24.915 | 1572.3
24.938 | 1566.8
24.961 | 785.5
24.985 | 659.4
25.008 | 1181.1
25.031 | 1180.4
25.054 | 1177.8
25.078 | 1172.4
25.101 | 990.5
25.124 | 991.6
25.147 | 882.2
25.170 | 882.3
25.194 | 881.8
25.217 | 881.8
25.240 | 881.6
25.263 | 1182.5
25.287 | 1184.0
25.310 | 1181.7
25.333 | 1571.3
25.356 | 1181.1
25.379 | 1182.6
25.403 | 989.9
25.426 | 988.3
25.449 | 1574.0
25.472 | 1573.7
25.496 | 1573.0
25.519 | 1574.0
25.542 | 1574.1
25.565 | 1573.6
25.588 | 1573.8
25.612 | 1573.3
25.635 | 1568.7
25.658 | 1316.1
25.681 | 1315.5
25.704 | 1315.3
25.728 | 1314.9
25.751 | 1314.8
25.774 | 1560.6
25.797 | 1562.1
25.821 | 1564.1
25.844 | 1564.7
25.867 | 1563.1
25.890 | 1561.4
25.913 | 1562.5
25.937 | 1562.1
25.960 | 1560.4
25.983 | 1561.3
26.006 | 1965.8
26.030 | 1967.9
26.053 | 1968.6
26.076 | 1964.5
26.099 | 1964.0
26.122 | 1967.4
26.146 | 1962.2
26.169 | 1962.8
26.192 | 1971.3
26.215 | 1973.3
26.239 | 2338.0
26.262 | 2334.4
26.285 | 2332.9
26.308 | 2335.6
26.331 | 2331.8
26.355 | 2332.1
26.378 | 2331.8
26.401 | 2337.1
26.424 | 2347.7
26.448 | 1964.2
26.471 | 1961.4
26.494 | 1553.6
26.517 | 1553.1
26.540 | 1553.6
26.564 | 1552.9
26.587 | 1553.1
26.610 | 1557.7
26.633 | 1566.6
26.657 | 1166.5
26.680 | 1165.5
26.703 | 980.3
26.726 | 1164.6
26.749 | 980.9
26.773 | 980.5
26.796 | 651.5
26.819 | 652.0
26.842 | 872.6
26.865 | 871.3
26.889 | 1551.7
26.912 | 1553.6
26.935 | 1554.2
26.958 | 1557.3
26.982 | 1167.8
27.005 | 1313.9
27.028 | 1164.7
27.051 | 1165.4
27.074 | 1165.1
27.098 | 1167.2
27.121 | 1558.7
27.144 | 1555.1
27.167 | 1554.9
27.191 | 1555.1
27.214 | 1553.8
27.237 | 1552.4
27.260 | 1553.3
27.283 | 1553.6
27.307 | 1553.8
27.330 | 1310.3
27.353 | 1309.5
27.376 | 1308.6
27.400 | 1309.0
27.423 | 1309.4
27.446 | 1310.8
27.469 | 1557.6
27.492 | 1559.9
27.516 | 1558.8
27.539 | 1558.8
27.562 | 1559.4
27.585 | 1558.7
27.609 | 1558.5
27.632 | 1559.4
27.655 | 1560.1
27.678 | 1558.0
27.701 | 1967.9
27.725 | 1969.4
27.748 | 1967.8
27.771 | 1966.0
27.794 | 1968.9
27.818 | 1968.9
27.841 | 1966.6
27.864 | 1967.7
27.887 | 1969.6
27.910 | 1557.1
27.934 | 2342.5
27.957 | 2343.0
27.980 | 2344.5
28.003 | 2344.9
28.026 | 2342.8
28.050 | 2341.9
28.073 | 2344.7
28.096 | 2344.1
28.119 | 2345.4
28.143 | 3134.1
28.166 | 3134.4
28.189 | 3134.2
28.212 | 1565.7
28.235 | 1566.0
28.259 | 1567.0
28.282 | 1568.0
28.305 | 1568.9
28.328 | 1567.9
28.352 | 1172.1
28.375 | 1171.7
28.398 | 1171.5
28.421 | 987.0
28.444 | 658.2
28.468 | 659.0
28.491 | 659.6
28.514 | 659.1
28.537 | 882.6
28.561 | 1564.8
28.584 | 1563.9
28.607 | 1170.5
28.630 | 1171.0
28.653 | 1171.0
28.677 | 1171.1
28.700 | 1171.1
28.723 | 1171.6
28.746 | 1172.3
28.770 | 1172.1
28.793 | 992.1
28.816 | 991.8
28.839 | 1564.8
28.862 | 1565.5
28.886 | 572.7
28.909 | 1564.8
28.932 | 1564.8
28.955 | 1566.7
28.979 | 1568.6
29.002 | 1568.0
29.025 | 1326.2
29.048 | 1325.6
29.071 | 1325.5
29.095 | 1324.8
29.118 | 1323.3
29.141 | 1321.9
29.164 | 1568.9
29.187 | 1570.4
29.211 | 1570.3
29.234 | 1569.6
29.257 | 1568.1
29.280 | 1566.1
29.304 | 1564.0
29.327 | 1562.3
29.350 | 1561.9
29.373 | 1965.4
29.396 | 1961.5
29.420 | 1960.1
29.443 | 1958.0
29.466 | 1956.4
29.489 | 1955.0
29.513 | 1957.2
29.536 | 1958.0
29.559 | 1959.9
29.582 | 1168.3
29.605 | 2346.9
29.629 | 2345.1
29.652 | 2346.1
29.675 | 2349.6
29.698 | 2353.7
29.722 | 2356.9
29.745 | 2361.0
29.768 | 2366.7
29.791 | 2356.2
29.814 | 2352.6
29.838 | 1570.4
29.861 | 1567.9
29.884 | 1564.1
29.907 | 1560.8
29.931 | 3112.9
29.954 | 2347.8
29.977 | 2346.8
30.000 | 1556.0
30.023 | 1174.1
30.047 | 1176.0
30.070 | 880.4
30.093 | 494.5
30.116 | 494.2
30.140 | 494.3
30.163 | 494.5
30.186 | 493.9
30.209 | 880.2
30.232 | 877.1
30.256 | 874.3
30.279 | 872.2
30.302 | 1554.7
30.325 | 1551.3
30.348 | 1172.5
30.372 | 1173.9
30.395 | 1175.6
30.418 | 1178.4
30.441 | 1180.5
30.465 | 987.1
30.488 | 982.0
30.511 | 1571.8
30.534 | 1571.5
30.557 | 1569.4
30.581 | 1564.6
30.604 | 1561.5
30.627 | 1558.9
30.650 | 1553.5
30.674 | 1550.3
30.697 | 1553.8
30.720 | 1308.4
30.743 | 1314.4
30.766 | 1319.8
30.790 | 1324.2
30.813 | 1323.4
30.836 | 1553.5
30.859 | 1554.9
30.883 | 1555.3
30.906 | 1562.2
30.929 | 1571.2
30.952 | 1576.0
30.975 | 1568.9
30.999 | 1561.2
31.022 | 1553.3
31.045 | 1554.4
31.068 | 1981.2
31.092 | 1983.2
31.115 | 1978.9
31.138 | 1965.5
31.161 | 1958.7
31.184 | 1974.4
31.208 | 1981.9
31.231 | 1981.5
31.254 | 1162.6
31.277 | 1165.6
31.300 | 1170.4
31.324 | 1177.1
31.347 | 1176.2
31.370 | 1169.9
31.393 | 2333.8
31.417 | 2340.6
31.440 | 2357.8
31.463 | 2355.0
31.486 | 2353.7
31.509 | 2349.7
31.533 | 1963.6
31.556 | 1982.7
31.579 | 1561.5
31.602 | 1558.6
31.626 | 1568.7
31.649 | 2349.1
31.672 | 2353.6
31.695 | 1565.8
31.718 | 1172.2
31.742 | 1170.6
31.765 | 1172.3
31.788 | 1175.2
31.811 | 1175.3
31.835 | 1173.0
31.858 | 981.0
31.881 | 983.2
31.904 | 987.0
31.927 | 875.1
31.951 | 1559.3
31.974 | 882.5
31.997 | 1170.0
32.020 | 1563.4
32.044 | 1176.8
32.067 | 1172.7
32.090 | 1167.9
32.113 | 1171.0
32.136 | 1175.0
32.160 | 1175.2
32.183 | 986.6
32.206 | 1558.4
32.229 | 1567.3
32.253 | 1571.7
32.276 | 1563.6
32.299 | 1558.8
32.322 | 1562.9
32.345 | 1571.6
32.369 | 1566.5
32.392 | 1564.3
32.415 | 1313.7
32.438 | 1316.9
32.461 | 1315.5
32.485 | 1313.6
32.508 | 1318.8
32.531 | 1318.4
32.554 | 1570.7
32.578 | 1566.9
32.601 | 1563.9
32.624 | 1569.1
32.647 | 1561.6
32.670 | 1565.7
32.694 | 1564.3
32.717 | 1564.9
32.740 | 1571.2
32.763 | 1971.8
32.787 | 1973.1
32.810 | 1990.4
32.833 | 1974.1
32.856 | 1971.3
32.879 | 1976.0
32.903 | 1970.2
32.926 | 1972.0
32.949 | 2345.4
32.972 | 2349.5
32.996 | 2345.9
33.019 | 2346.8
33.042 | 2345.6
33.065 | 2344.5
33.088 | 2343.7
33.112 | 2345.2
33.135 | 2347.3
33.158 | 2344.5
33.181 | 2348.3
33.205 | 2353.3
33.228 | 2357.1
33.251 | 1562.1
33.274 | 1566.1
33.297 | 1589.1
33.321 | 1566.1
33.344 | 1588.3
33.367 | 1562.0
33.390 | 1569.8
33.414 | 1566.8
33.437 | 1173.1
33.460 | 1172.1
33.483 | 1173.2
33.506 | 1171.7
33.530 | 1172.8
33.553 | 1561.5
33.576 | 655.1
33.599 | 1561.5
33.622 | 1565.5
33.646 | 1562.9
33.669 | 1566.1
33.692 | 1562.2
33.715 | 1559.2
33.739 | 1173.8
33.762 | 1317.0
33.785 | 1173.6
33.808 | 1171.6
33.831 | 1173.1
33.855 | 1171.5
33.878 | 984.5
33.901 | 1562.4
33.924 | 1566.2
33.948 | 1562.8
33.971 | 1565.3
33.994 | 1563.4
34.017 | 1564.8
34.040 | 1564.3
34.064 | 1560.6
34.087 | 1316.8
34.110 | 1316.8
34.133 | 1312.9
34.157 | 1318.0
34.180 | 1314.0
34.203 | 1312.7
34.226 | 1565.7
34.249 | 1561.0
34.273 | 1566.0
34.296 | 1569.3
34.319 | 1562.1
34.342 | 1566.7
34.366 | 1566.2
34.389 | 1561.3
34.412 | 1565.2
34.435 | 1963.2
34.458 | 1969.4
34.482 | 1979.0
34.505 | 1971.2
34.528 | 1968.0
34.551 | 1978.1
34.575 | 1964.3
34.598 | 1970.4
34.621 | 1979.5
34.644 | 1974.5
34.667 | 2359.2
34.691 | 1564.7
34.714 | 1565.1
34.737 | 2338.4
34.760 | 2351.0
34.783 | 2347.8
34.807 | 2336.3
34.830 | 2348.2
34.853 | 2359.9
34.876 | 1967.5
34.900 | 1566.4
34.923 | 1570.6
34.946 | 1561.0
34.969 | 1561.0
34.992 | 1570.9
35.016 | 1562.3
35.039 | 3114.4
35.062 | 2348.5
35.085 | 1552.4
35.109 | 1174.5
35.132 | 1045.2
35.155 | 783.5
35.178 | 1174.6
35.201 | 1172.9
35.225 | 784.1
35.248 | 782.9
35.271 | 783.0
35.294 | 880.3
35.318 | 882.0
35.341 | 877.2
35.364 | 1563.6
35.387 | 1562.0
35.410 | 1173.6
35.434 | 1169.3
35.457 | 1174.1
35.480 | 1173.5
35.503 | 1170.2
35.527 | 982.1
35.550 | 783.5
35.573 | 784.4
35.596 | 784.0
35.619 | 784.6
35.643 | 784.6
35.666 | 784.6
35.689 | 784.1
35.712 | 1311.8
35.736 | 1559.0
35.759 | 1317.8
35.782 | 1323.5
35.805 | 1316.2
35.828 | 1310.4
35.852 | 1313.3
35.875 | 1321.2
35.898 | 785.0
35.921 | 1554.9
35.944 | 1560.4
35.968 | 1571.6
35.991 | 1572.2
36.014 | 1562.9
36.037 | 1559.3
36.061 | 1561.6
36.084 | 1570.7
36.107 | 1572.6
36.130 | 979.9
36.153 | 1967.0
36.177 | 1973.6
36.200 | 1981.1
36.223 | 1979.2
36.246 | 1968.8
36.270 | 1958.7
36.293 | 1974.6
36.316 | 1979.6
36.339 | 2347.1
36.362 | 2340.7
36.386 | 1562.2
36.409 | 1171.9
36.432 | 1175.6
36.455 | 1176.5
36.479 | 1172.9
36.502 | 2328.9
36.525 | 2333.4
36.548 | 1571.5
36.571 | 1573.0
36.595 | 1569.9
36.618 | 1561.5
36.641 | 1555.1
36.664 | 1559.4
36.688 | 1571.2
36.711 | 1574.2
36.734 | 1568.8
36.757 | 1567.4
36.780 | 581.6
36.804 | 584.6
36.827 | 662.4
36.850 | 661.5
36.873 | 658.6
36.897 | 656.2
36.920 | 654.8
36.943 | 783.4
36.966 | 1562.1
36.989 | 1556.2
37.013 | 1555.9
37.036 | 1176.3
37.059 | 1310.2
37.082 | 1567.3
37.105 | 1566.1
37.129 | 1320.7
37.152 | 1327.3
37.175 | 1174.0
37.198 | 1169.9
37.222 | 1167.6
37.245 | 978.8
37.268 | 1573.3
37.291 | 1572.5
37.314 | 1562.7
37.338 | 1556.3
37.361 | 1557.9
37.384 | 1565.1
37.407 | 1574.1
37.431 | 1569.6
37.454 | 1564.9
37.477 | 1318.2
37.500 | 1323.6
37.523 | 1324.5
37.547 | 1319.7
37.570 | 1314.8
37.593 | 1549.7
37.616 | 1555.4
37.640 | 1560.8
37.663 | 1565.2
37.686 | 1572.4
37.709 | 1574.8
37.732 | 1572.9
37.756 | 1569.9
37.779 | 1564.3
37.802 | 1956.7
37.825 | 1958.3
37.849 | 1961.6
37.872 | 985.5
37.895 | 989.0
37.918 | 991.2
37.941 | 993.8
37.965 | 1980.5
37.988 | 1972.2
38.011 | 1564.5
38.034 | 2350.8
38.058 | 1182.1
38.081 | 1165.8
38.104 | 1171.7
38.127 | 1567.8
38.150 | 1175.6
38.174 | 1181.5
38.197 | 1182.6
38.220 | 1563.1
38.243 | 2351.1
38.266 | 2350.5
38.290 | 1555.0
38.313 | 1552.2
38.336 | 1554.2
38.359 | 3113.4
38.383 | 3123.3
38.406 | 3133.7
38.429 | 1569.0
38.452 | 1164.7
38.475 | 494.6
38.499 | 492.9
38.522 | 492.6
38.545 | 985.9
38.568 | 984.6
38.592 | 983.5
38.615 | 1562.8
38.638 | 1556.5
38.661 | 1551.2
38.684 | 1553.0
38.708 | 1558.1
38.731 | 1561.7
38.754 | 1566.3
38.777 | 1165.4
38.801 | 1166.7
38.824 | 1326.5
38.847 | 1174.8
38.870 | 1180.8
38.893 | 987.3
38.917 | 986.1
38.940 | 1563.1
38.963 | 1563.1
38.986 | 1559.8
39.010 | 1551.7
39.033 | 1552.6
39.056 | 1556.9
39.079 | 1560.7
39.102 | 1564.2
39.126 | 1568.8
39.149 | 1316.9
39.172 | 1320.3
39.195 | 1322.7
39.219 | 1324.3
39.242 | 1325.6
39.265 | 1326.5
39.288 | 1571.1
39.311 | 3950.3
39.335 | 3950.6
39.358 | 3950.3
39.381 | 3950.6
39.404 | 3950.4
39.427 | 1561.6
39.451 | 1556.4
39.474 | 1554.8
39.497 | 1957.0
39.520 | 1956.8
39.544 | 1955.6
39.567 | 1958.0
39.590 | 1957.9
39.613 | 1962.7
39.636 | 981.6
39.660 | 1969.8
39.683 | 1971.0
39.706 | 1972.7
39.729 | 1554.1
39.753 | 2358.1
39.776 | 1176.3
39.799 | 1178.9
39.822 | 2356.7
39.845 | 2357.7
39.869 | 2363.1
39.892 | 2363.7
39.915 | 1770.8
39.938 | 1770.1
39.962 | 1767.5
39.985 | 1766.7
40.008 | 1766.0
40.031 | 3526.1
40.054 | 3523.0
40.078 | 3521.3
40.101 | 3519.3
40.124 | 1756.5
40.147 | 653.5
40.171 | 657.7
40.194 | 657.6
40.217 | 657.0
40.240 | 656.5
40.263 | 656.5
40.287 | 979.8
40.310 | 980.9
40.333 | 981.7
40.356 | 1765.7
40.380 | 1763.9
40.403 | 1762.1
40.426 | 1760.6
40.449 | 1758.8
40.472 | 1174.4
40.496 | 873.3
40.519 | 873.7
40.542 | 877.3
40.565 | 980.8
40.588 | 981.0
40.612 | 981.0
40.635 | 1768.9
40.658 | 1767.8
40.681 | 1767.0
40.705 | 1767.2
40.728 | 1764.4
40.751 | 1762.6
40.774 | 1760.3
40.797 | 1758.9
40.821 | 1759.3
40.844 | 1314.5
40.867 | 1314.6
40.890 | 1315.0
40.914 | 1315.9
40.937 | 1316.3
40.960 | 1561.1
40.983 | 1770.7
41.006 | 1767.3
41.030 | 1765.8
41.053 | 1766.3
41.076 | 1766.0
41.099 | 1763.9
41.123 | 1760.9
41.146 | 1758.6
41.169 | 1755.3
41.192 | 1979.2
41.215 | 1978.8
41.239 | 1978.4
41.262 | 1980.4
41.285 | 991.0
41.308 | 991.0
41.332 | 990.3
41.355 | 1982.5
41.378 | 1982.6
41.401 | 1176.6
41.424 | 1464.4
41.448 | 2356.3
41.471 | 1185.4
41.494 | 1180.9
41.517 | 2358.2
41.540 | 2357.9
41.564 | 2360.0
41.587 | 2364.9
41.610 | 1980.6
41.633 | 1983.1
41.657 | 1958.1
41.680 | 1954.0
41.703 | 1954.5
41.726 | 3156.5
41.749 | 3157.0
41.773 | 3158.0
41.796 | 1581.5
41.819 | 782.3
41.842 | 385.2
41.866 | 659.2
41.889 | 783.5
41.912 | 989.6
41.935 | 783.7
41.958 | 783.9
41.982 | 783.6
42.005 | 783.7
42.028 | 784.3
42.051 | 784.1
42.075 | 784.0
42.098 | 1045.4
42.121 | 1045.6
42.144 | 1045.7
42.167 | 783.9
42.191 | 881.9
42.214 | 1316.1
42.237 | 1313.8
42.260 | 784.6
42.284 | 783.4
42.307 | 659.2
42.330 | 494.9
42.353 | 782.9
42.376 | 785.0
42.400 | 783.8
42.423 | 493.1
42.446 | 1575.1
42.469 | 1575.8
42.493 | 1314.5
42.516 | 1313.4
42.539 | 1313.2
42.562 | 1314.3
42.585 | 1313.3
42.609 | 1311.4
42.632 | 1310.3
42.655 | 1312.6
42.678 | 1557.7
42.701 | 1554.1
42.725 | 1552.5
42.748 | 1552.8
42.771 | 1551.0
42.794 | 1551.4
42.818 | 1552.9
42.841 | 1552.5
42.864 | 1556.7
42.887 | 981.1
42.910 | 1961.4
42.934 | 1969.1
42.957 | 1971.0
42.980 | 1970.1
43.003 | 985.9
43.027 | 1971.6
43.050 | 1977.9
43.073 | 1973.9
43.096 | 2352.4
43.119 | 2352.6
43.143 | 1766.5
43.166 | 1182.1
43.189 | 1181.2
43.212 | 1462.7
43.236 | 2357.0
43.259 | 2356.7
43.282 | 2355.7
43.305 | 1960.8
43.328 | 1960.5
43.352 | 1562.9
43.375 | 1560.9
43.398 | 1974.0
43.421 | 3110.4
43.445 | 3105.0
43.468 | 3101.9
43.491 | 1556.4
43.514 | 777.9
43.537 | 781.7
43.561 | 784.5
43.584 | 784.6
43.607 | 783.6
43.630 | 783.2
43.654 | 783.5
43.677 | 783.6
43.700 | 784.0
43.723 | 784.3
43.746 | 881.2
43.770 | 881.0
43.793 | 879.9
43.816 | 877.1
43.839 | 874.5
43.862 | 1045.6
43.886 | 784.4
43.909 | 784.0
43.932 | 984.9
43.955 | 986.8
43.979 | 988.6
44.002 | 989.3
44.025 | 1569.2
44.048 | 1566.4
44.071 | 1563.5
44.095 | 1559.6
44.118 | 1175.1
44.141 | 1552.5
44.164 | 1551.9
44.188 | 1309.7
44.211 | 1310.5
44.234 | 1313.0
44.257 | 1316.1
44.280 | 1319.0
44.304 | 1324.2
44.327 | 1326.9
44.350 | 1570.9
44.373 | 1568.6
44.397 | 1565.4
44.420 | 1560.5
44.443 | 1550.0
44.466 | 1558.5
44.489 | 1562.6
44.513 | 1569.6
44.536 | 1572.3
44.559 | 1572.2
44.582 | 1981.2
44.606 | 1977.6
44.629 | 981.7
44.652 | 976.7
44.675 | 979.5
44.698 | 984.0
44.722 | 988.6
44.745 | 1981.0
44.768 | 1177.9
44.791 | 1174.7
44.815 | 1171.8
44.838 | 1167.6
44.861 | 1163.4
44.884 | 492.8
44.907 | 1174.0
44.931 | 1179.9
44.954 | 1182.0
44.977 | 1171.8
45.000 | 1554.0
45.023 | 2352.9
45.047 | 2353.8
45.070 | 1566.0
45.093 | 1572.7
45.116 | 1571.8
45.140 | 1565.6
45.163 | 1559.9
45.186 | 1551.0
45.209 | 515.4
45.232 | 483.9
45.256 | 492.6
45.279 | 495.5
45.302 | 657.3
45.325 | 986.8
45.349 | 985.9
45.372 | 986.8
45.395 | 657.1
45.418 | 657.1
45.441 | 657.8
45.465 | 988.1
45.488 | 987.9
45.511 | 987.5
45.534 | 987.7
45.558 | 987.5
45.581 | 986.9
45.604 | 988.6
45.627 | 990.0
45.650 | 986.8
45.674 | 493.2
45.697 | 491.4
45.720 | 984.6
45.743 | 986.5
45.767 | 987.5
45.790 | 785.9
45.813 | 492.9
45.836 | 656.4
45.859 | 660.5
45.883 | 661.2
45.906 | 1313.8
45.929 | 654.6
45.952 | 657.3
45.976 | 1321.9
45.999 | 1317.2
46.022 | 1313.2
46.045 | 785.4
46.068 | 786.8
46.092 | 785.3
46.115 | 1559.8
46.138 | 1175.7
46.161 | 1175.6
46.184 | 1177.2
46.208 | 1175.1
46.231 | 778.6
46.254 | 998.5
46.277 | 1483.9
46.301 | 1479.0
46.324 | 979.4
46.347 | 993.8
46.370 | 989.3
46.393 | 976.6
46.417 | 981.0
46.440 | 494.5
46.463 | 1175.5
46.486 | 1171.2
46.510 | 1173.4
46.533 | 1173.4
46.556 | 1167.2
46.579 | 1172.0
46.602 | 1174.5
46.626 | 1171.7
46.649 | 1171.2
46.672 | 1570.5
46.695 | 1563.3
46.719 | 1556.7
46.742 | 1564.2
46.765 | 1568.2
46.788 | 1559.8
46.811 | 1565.0
46.835 | 1569.0
46.858 | 1561.8
46.881 | 1562.1
46.904 | 1171.4
46.928 | 1173.0
46.951 | 1174.8
46.974 | 1172.9
46.997 | 1171.1
47.020 | 656.9
47.044 | 656.7
47.067 | 656.8
47.090 | 656.7
47.113 | 658.1
47.137 | 657.6
47.160 | 656.4
47.183 | 656.7
47.206 | 657.3
47.229 | 881.3
47.253 | 657.3
47.276 | 878.7
47.299 | 880.3
47.322 | 489.0
47.345 | 491.0
47.369 | 491.7
47.392 | 492.0
47.415 | 493.0
47.438 | 492.4
47.462 | 493.1
47.485 | 493.2
47.508 | 989.9
47.531 | 989.0
47.554 | 985.3
47.578 | 986.2
47.601 | 986.3
47.624 | 1172.8
47.647 | 1172.7
47.671 | 656.6
47.694 | 658.2
47.717 | 983.5
47.740 | 1180.4
47.763 | 1175.1
47.787 | 1174.2
47.810 | 983.9
47.833 | 985.8
47.856 | 1570.5
47.880 | 1561.7
47.903 | 1565.4
47.926 | 781.8
47.949 | 984.6
47.972 | 983.0
47.996 | 985.5
48.019 | 986.1
48.042 | 989.0
48.065 | 984.6
48.089 | 985.8
48.112 | 983.8
48.135 | 981.4
48.158 | 1172.9
48.181 | 2347.2
48.205 | 2347.3
48.228 | 1172.9
48.251 | 1172.9
48.274 | 1172.6
48.298 | 1170.4
48.321 | 1172.3
48.344 | 1571.4
48.367 | 2350.3
48.390 | 2357.0
48.414 | 1564.5
48.437 | 1560.0
48.460 | 1563.7
48.483 | 2347.2
48.506 | 1565.1
48.530 | 1562.4
48.553 | 1564.7
48.576 | 781.2
48.599 | 1312.8
48.623 | 1314.0
48.646 | 1313.7
48.669 | 1046.0
48.692 | 783.1
48.715 | 1312.9
48.739 | 784.6
48.762 | 1048.1
48.785 | 1312.7
48.808 | 1313.3
48.832 | 1045.6
48.855 | 1045.0
48.878 | 1047.2
48.901 | 659.3
48.924 | 661.4
48.948 | 659.7
48.971 | 658.8
48.994 | 658.4
49.017 | 657.9
49.041 | 658.5
49.064 | 658.9
49.087 | 987.3
49.110 | 1046.1
49.133 | 1046.0
49.157 | 1045.6
49.180 | 1045.7
49.203 | 655.0
49.226 | 657.3
49.250 | 784.4
49.273 | 785.2
49.296 | 784.5
49.319 | 784.4
49.342 | 785.3
49.366 | 785.4
49.389 | 784.1
49.412 | 660.0
49.435 | 783.4
49.459 | 523.9
49.482 | 525.8
49.505 | 785.9
49.528 | 787.2
49.551 | 782.5
49.575 | 778.4
49.598 | 782.5
49.621 | 785.6
49.644 | 990.5
49.667 | 1045.9
49.691 | 1045.0
49.714 | 984.0
49.737 | 989.9
49.760 | 989.8
49.784 | 983.2
49.807 | 981.4
49.830 | 985.3
49.853 | 1176.8
49.876 | 1176.5
49.900 | 1173.7
49.923 | 1169.4
49.946 | 1171.2
49.969 | 1174.6
49.993 | 1177.0
50.016 | 1174.1
50.039 | 1561.5
50.062 | 1561.3
50.085 | 1564.0
50.109 | 1571.5
50.132 | 1570.0
50.155 | 1564.4
50.178 | 1558.9
50.202 | 1554.1
50.225 | 1564.2
50.248 | 783.2
50.271 | 1049.3
50.294 | 658.3
50.318 | 784.6
50.341 | 785.1
50.364 | 785.4
50.387 | 785.5
50.411 | 783.9
50.434 | 783.4
50.457 | 782.9
50.480 | 585.8
50.503 | 585.3
50.527 | 659.1
50.550 | 884.4
50.573 | 881.8
50.596 | 877.2
50.620 | 874.2
50.643 | 1045.8
50.666 | 1045.9
50.689 | 1046.4
50.712 | 1174.6
50.736 | 1172.3
50.759 | 785.1
50.782 | 1568.8
50.805 | 1570.0
50.828 | 983.1
50.852 | 986.6
50.875 | 989.5
50.898 | 885.2
50.921 | 1318.1
50.945 | 1315.1
50.968 | 1311.6
50.991 | 1043.4
51.014 | 784.5
51.037 | 1570.1
51.061 | 1320.3
51.084 | 785.5
51.107 | 781.9
51.130 | 782.3
51.154 | 779.0
51.177 | 585.4
51.200 | 585.6
51.223 | 782.5
51.246 | 785.0
51.270 | 786.5
51.293 | 786.7
51.316 | 582.2
51.339 | 983.1
51.363 | 980.5
51.386 | 979.3
51.409 | 979.0
51.432 | 981.2
51.455 | 985.7
51.479 | 989.4
51.502 | 992.5
51.525 | 1183.3
51.548 | 1178.6
51.572 | 1172.9
51.595 | 1168.8
51.618 | 1163.0
51.641 | 1162.7
51.664 | 1168.9
51.688 | 1170.4
51.711 | 1171.4
51.734 | 1582.6
51.757 | 1574.8
51.780 | 1576.8
51.804 | 1572.4
51.827 | 1568.2
51.850 | 1563.3
51.873 | 1558.8
51.897 | 1553.1
51.920 | 1551.8
51.943 | 1553.3
51.966 | 1166.0
51.989 | 494.2
52.013 | 658.8
52.036 | 659.4
52.059 | 659.4
52.082 | 659.2
52.106 | 782.1
52.129 | 782.2
52.152 | 659.2
52.175 | 659.0
52.198 | 585.0
52.222 | 524.2
52.245 | 872.5
52.268 | 873.7
52.291 | 875.2
52.315 | 875.8
52.338 | 878.3
52.361 | 657.7
52.384 | 657.9
52.407 | 659.5
52.431 | 992.2
52.454 | 990.4
52.477 | 991.0
52.500 | 992.7
52.524 | 988.0
52.547 | 985.4
52.570 | 986.6
52.593 | 988.3
52.616 | 989.1
52.640 | 988.9
52.663 | 655.3
52.686 | 646.8
52.709 | 655.7
52.733 | 657.0
52.756 | 1313.2
52.779 | 1313.6
52.802 | 784.6
52.825 | 786.2
52.849 | 3950.9
52.872 | 1571.9
52.895 | 1572.8
52.918 | 3949.9
52.941 | 3949.7
52.965 | 3951.0
52.988 | 1569.4
53.011 | 988.5
53.034 | 989.5
53.058 | 1972.1
53.081 | 984.6
53.104 | 983.1
53.127 | 982.8
53.150 | 981.9
53.174 | 980.3
53.197 | 979.1
53.220 | 980.7
53.243 | 1474.6
53.267 | 1167.1
53.290 | 1164.3
53.313 | 1162.3
53.336 | 1166.6
53.359 | 2339.9
53.383 | 1169.9
53.406 | 1170.3
53.429 | 1761.8
53.452 | 1758.9
53.476 | 1757.8
53.499 | 1757.1
53.522 | 1761.5
53.545 | 1763.8
53.568 | 1765.2
53.592 | 1764.7
53.615 | 1763.6
53.638 | 882.5
53.661 | 882.4
53.685 | 498.3
53.708 | 495.6
53.731 | 494.2
53.754 | 493.8
53.777 | 494.2
53.801 | 494.0
53.824 | 987.6
53.847 | 987.7
53.870 | 987.2
53.894 | 881.3
53.917 | 881.1
53.940 | 881.6
53.963 | 880.8
53.986 | 881.5
54.010 | 880.2
54.033 | 881.3
54.056 | 881.5
54.079 | 880.0
54.102 | 984.7
54.126 | 986.7
54.149 | 987.9
54.172 | 980.8
54.195 | 981.3
54.219 | 984.0
54.242 | 980.8
54.265 | 881.3
54.288 | 881.4
54.311 | 879.6
54.335 | 1314.3
54.358 | 655.8
54.381 | 786.8
54.404 | 1308.4
54.428 | 1305.3
54.451 | 1305.9
54.474 | 1165.6
54.497 | 991.7
54.520 | 777.0
54.544 | 775.9
54.567 | 774.5
54.590 | 775.5
54.613 | 776.0
54.637 | 776.8
54.660 | 774.9
54.683 | 976.0
54.706 | 1482.8
54.729 | 1485.6
54.753 | 1485.7
54.776 | 980.1
54.799 | 981.1
54.822 | 980.6
54.846 | 979.4
54.869 | 978.7
54.892 | 978.8
54.915 | 1182.6
54.938 | 1181.5
54.962 | 1168.3
54.985 | 1169.8
55.008 | 1169.3
55.031 | 1167.9
55.055 | 1167.0
55.078 | 1166.5
55.101 | 1558.2
55.124 | 1557.4
55.147 | 1558.2
55.171 | 1559.5
55.194 | 1561.3
55.217 | 1561.5
55.240 | 1561.0
55.263 | 1561.3
55.287 | 1562.2
55.310 | 1564.2
55.333 | 1572.8
55.356 | 1311.0
55.380 | 1312.4
55.403 | 1314.1
55.426 | 1046.1
55.449 | 523.4
55.472 | 1312.8
55.496 | 1314.0
55.519 | 1312.7
55.542 | 523.8
55.565 | 524.3
55.589 | 988.6
55.612 | 989.7
55.635 | 659.6
55.658 | 524.1
55.681 | 657.2
55.705 | 656.8
55.728 | 656.9
55.751 | 658.9
55.774 | 660.1
55.798 | 524.5
55.821 | 524.5
55.844 | 784.5
55.867 | 784.4
55.890 | 785.4
55.914 | 785.1
55.937 | 990.6
55.960 | 987.3
55.983 | 1563.1
56.007 | 1325.3
56.030 | 1331.2
56.053 | 1327.5
56.076 | 989.3
56.099 | 989.6
56.123 | 989.3
56.146 | 989.7
56.169 | 991.3
56.192 | 989.4
56.216 | 1572.7
56.239 | 1571.2
56.262 | 1569.7
56.285 | 1569.4
56.308 | 1568.6
56.332 | 1564.5
56.355 | 1563.1
56.378 | 980.8
56.401 | 982.8
56.424 | 981.9
56.448 | 979.6
56.471 | 980.6
56.494 | 980.4
56.517 | 978.6
56.541 | 978.1
56.564 | 978.0
56.587 | 1164.1
56.610 | 1168.9
56.633 | 1168.8
56.657 | 1167.6
56.680 | 1167.9
56.703 | 1171.9
56.726 | 2345.6
56.750 | 2348.3
56.773 | 2350.0
56.796 | 1568.0
56.819 | 1574.2
56.842 | 1576.7
56.866 | 1580.2
56.889 | 1579.0
56.912 | 1573.8
56.935 | 1572.0
56.959 | 3138.8
56.982 | 3134.5
57.005 | 3133.2
57.028 | 1572.3
57.051 | 1172.5
57.075 | 785.9
57.098 | 786.2
57.121 | 785.1
57.144 | 523.5
57.168 | 782.6
57.191 | 782.0
57.214 | 495.7
57.237 | 880.2
57.260 | 882.1
57.284 | 883.2
57.307 | 886.1
57.330 | 888.2
57.353 | 884.7
57.377 | 882.2
57.400 | 879.7
57.423 | 878.1
57.446 | 979.6
57.469 | 979.9
57.493 | 980.5
57.516 | 982.3
57.539 | 1575.1
57.562 | 986.4
57.585 | 989.5
57.609 | 990.5
57.632 | 783.8
57.655 | 1325.8
57.678 | 1323.3
57.702 | 1317.7
57.725 | 1314.5
57.748 | 1310.6
57.771 | 1307.4
57.794 | 1309.8
57.818 | 1312.1
57.841 | 1314.1
57.864 | 1571.8
57.887 | 1573.9
57.911 | 493.6
57.934 | 492.2
57.957 | 1568.2
57.980 | 1562.9
58.003 | 1553.7
58.027 | 1552.9
58.050 | 1559.8
58.073 | 1973.4
58.096 | 1981.3
58.120 | 1986.6
58.143 | 1985.0
58.166 | 987.1
58.189 | 1967.9
58.212 | 1959.7
58.236 | 1958.2
58.259 | 494.1
58.282 | 1177.0
58.305 | 2358.5
58.329 | 2360.5
58.352 | 2350.6
58.375 | 2342.7
58.398 | 2333.4
58.421 | 2327.8
58.445 | 2341.0
58.468 | 2348.6
58.491 | 3148.7
58.514 | 3144.1
58.538 | 3129.0
58.561 | 3112.2
58.584 | 3110.0
58.607 | 3120.7
58.630 | 3138.1
58.654 | 3151.4
58.677 | 3142.7
58.700 | 3135.1
58.723 | 1176.2
58.746 | 1569.9
58.770 | 1571.6
58.793 | 1572.2
58.816 | 1571.6
58.839 | 1571.7
58.863 | 1571.6
58.886 | 1570.6
58.909 | 1570.2
58.932 | 1572.9
58.955 | 1990.8
58.979 | 1989.8
59.002 | 1572.5
59.025 | 779.5
59.048 | 493.5
59.072 | 785.1
59.095 | 1176.1
59.118 | 1175.7
59.141 | 1173.0
59.164 | 1175.4
59.188 | 990.4
59.211 | 987.8
59.234 | 984.2
59.257 | 493.7
59.281 | 493.4
59.304 | 825.5
59.327 | 658.4
59.350 | 786.5
59.373 | 785.7
59.397 | 657.4
59.420 | 574.5
59.443 | 827.2
59.466 | 825.4
59.490 | 825.8
59.513 | 825.3
59.536 | 824.6
59.559 | 824.7
59.582 | 493.1
59.606 | 784.6
59.629 | 986.6
59.652 | 1565.4
59.675 | 493.0
59.699 | 454.5
59.722 | 461.3
59.745 | 467.3
59.768 | 473.9
59.791 | 478.9
59.815 | 491.0
59.838 | 740.2
59.861 | 494.3
59.884 | 493.1
59.907 | 492.0
59.931 | 987.1
59.954 | 494.1
59.977 | 1177.4
60.000 | 1183.2
60.024 | 1175.9
60.047 | 1173.9
60.070 | 1175.0
60.093 | 2334.8
60.116 | 1173.9
60.140 | 1175.7
60.163 | 1571.0
60.186 | 1569.7
60.209 | 1570.6
60.233 | 3116.5
60.256 | 3114.6
60.279 | 825.7
60.302 | 826.4
60.325 | 793.2
60.349 | 790.8
60.372 | 1171.1
60.395 | 972.1
60.418 | 980.5
60.442 | 495.0
60.465 | 741.6
60.488 | 741.7
60.511 | 742.0
60.534 | 741.4
60.558 | 741.7
60.581 | 1992.2
60.604 | 1992.1
60.627 | 1992.0
60.651 | 1991.3
60.674 | 1991.3
60.697 | 1991.0
60.720 | 1991.3
60.743 | 1991.4
60.767 | 1990.4
60.790 | 1991.9
60.813 | 1236.7
60.836 | 739.1
60.860 | 740.5
60.883 | 740.5
60.906 | 1991.5
60.929 | 1989.5
60.952 | 1990.6
60.976 | 1990.0
60.999 | 1237.2
61.022 | 1236.6
61.045 | 1237.4
61.068 | 1237.2
61.092 | 1236.8
61.115 | 1237.1
61.138 | 657.6
61.161 | 659.2
61.185 | 658.7
61.208 | 494.8
61.231 | 494.0
61.254 | 494.4
61.277 | 985.8
61.301 | 1561.0
61.324 | 1566.2
61.347 | 1562.3
61.370 | 1566.4
61.394 | 1562.8
61.417 | 988.8
61.440 | 986.8
61.463 | 1981.2
61.486 | 992.1
61.510 | 740.4
61.533 | 740.1
61.556 | 740.9
61.579 | 534.1
61.603 | 658.4
61.626 | 988.3
61.649 | 986.8
61.672 | 1182.5
61.695 | 1476.1
61.719 | 1485.1
61.742 | 587.8
61.765 | 741.6
61.788 | 742.0
61.812 | 741.7
61.835 | 741.5
61.858 | 741.7
61.881 | 1569.3
61.904 | 1566.3
61.928 | 1170.7
61.951 | 1174.1
61.974 | 1173.3
61.997 | 1173.1
62.020 | 1757.3
62.044 | 1173.4
62.067 | 1747.3
62.090 | 1574.1
62.113 | 1490.6
62.137 | 1381.0
62.160 | 1378.8
62.183 | 1979.5
62.206 | 1980.3
62.229 | 1981.1
62.253 | 1486.6
62.276 | 1488.2
62.299 | 1487.0
62.322 | 1485.1
62.346 | 1487.1
62.369 | 851.1
62.392 | 851.1
62.415 | 851.6
62.438 | 983.0
62.462 | 985.9
62.485 | 990.8
62.508 | 989.7
62.531 | 988.1
62.555 | 989.8
62.578 | 992.1
62.601 | 989.5
62.624 | 987.8
62.647 | 985.1
62.671 | 1485.6
62.694 | 983.0
62.717 | 985.5
62.740 | 988.8
62.764 | 990.3
62.787 | 744.4
62.810 | 990.0
62.833 | 987.7
62.856 | 987.3
62.880 | 990.5
62.903 | 987.8
62.926 | 982.5
62.949 | 982.3
62.973 | 982.3
62.996 | 983.1
63.019 | 720.0
63.042 | 985.7
63.065 | 986.3
63.089 | 988.3
63.112 | 849.5
63.135 | 850.7
63.158 | 850.5
63.181 | 983.3
63.205 | 982.3
63.228 | 979.6
63.251 | 983.7
63.274 | 987.3
63.298 | 1378.3
63.321 | 1377.3
63.344 | 1377.9
63.367 | 987.3
63.390 | 1378.0
63.414 | 1378.9
63.437 | 1171.5
63.460 | 1173.2
63.483 | 1175.6
63.507 | 1172.2
63.530 | 852.4
63.553 | 981.2
63.576 | 1486.4
63.599 | 1487.4
63.623 | 989.7
63.646 | 986.9
63.669 | 986.8
63.692 | 987.9
63.716 | 989.1
63.739 | 987.2
63.762 | 986.7
63.785 | 988.5
63.808 | 986.9
63.832 | 984.5
63.855 | 1235.4
63.878 | 1234.7
63.901 | 1380.8
63.925 | 1388.0
63.948 | 1390.3
63.971 | 1486.3
63.994 | 1486.9
64.017 | 1389.5
64.041 | 1387.4
64.064 | 977.2
64.087 | 978.3
64.110 | 1388.8
64.134 | 912.4
64.157 | 1378.3
64.180 | 984.4
64.203 | 988.8
64.226 | 990.3
64.250 | 998.3
64.273 | 988.1
64.296 | 985.8
64.319 | 983.7
64.342 | 983.6
64.366 | 785.9
64.389 | 1007.8
64.412 | 985.7
64.435 | 984.1
64.459 | 985.4
64.482 | 786.5
64.505 | 786.2
64.528 | 979.5
64.551 | 980.5
64.575 | 982.4
64.598 | 984.2
64.621 | 742.9
64.644 | 740.5
64.668 | 739.8
64.691 | 985.8
64.714 | 981.5
64.737 | 783.5
64.760 | 783.4
64.784 | 990.2
64.807 | 985.8
64.830 | 983.6
64.853 | 982.0
64.877 | 739.1
64.900 | 785.5
64.923 | 977.7
64.946 | 739.0
64.969 | 980.0
64.993 | 979.5
65.016 | 978.5
65.039 | 980.4
65.062 | 983.2
65.086 | 985.3
65.109 | 741.8
65.132 | 916.9
65.155 | 990.0
65.178 | 987.8
65.202 | 986.0
65.225 | 983.5
65.248 | 980.0
65.271 | 978.0
65.295 | 980.0
65.318 | 980.8
65.341 | 978.6
65.364 | 783.5
65.387 | 977.8
65.411 | 978.7
65.434 | 981.2
65.457 | 786.3
65.480 | 785.9
65.503 | 785.5
65.527 | 783.2
65.550 | 784.9
65.573 | 783.4
65.596 | 785.3
65.620 | 736.1
65.643 | 981.6
65.666 | 979.7
65.689 | 739.4
65.712 | 979.4
65.736 | 978.9
65.759 | 665.2
65.782 | 738.7
65.805 | 979.9
65.829 | 981.5
65.852 | 981.9
65.875 | 916.0
65.898 | 917.2
65.921 | 493.0
65.945 | 985.3
65.968 | 983.8
65.991 | 984.1
66.014 | 989.4
66.038 | 988.9
66.061 | 984.3
66.084 | 983.2
66.107 | 983.2
66.130 | 982.6
66.154 | 656.9
66.177 | 657.1
66.200 | 656.1
66.223 | 657.3
66.247 | 655.1
66.270 | 646.0
66.293 | 658.6
66.316 | 656.4
66.339 | 738.1
66.363 | 982.5
66.386 | 982.2
66.409 | 493.9
66.432 | 738.7
66.456 | 493.8
66.479 | 449.8
66.502 | 741.7
66.525 | 737.7
66.548 | 653.0
66.572 | 785.3
66.595 | 913.9
66.618 | 737.9
66.641 | 783.7
66.664 | 914.7
66.688 | 914.4
66.711 | 785.9
66.734 | 983.9
66.757 | 980.0
66.781 | 975.5
66.804 | 980.8
66.827 | 915.0
66.850 | 783.8
66.873 | 786.4
66.897 | 785.7
66.920 | 785.8
66.943 | 518.5
66.966 | 784.8
66.990 | 783.8
67.013 | 742.4
67.036 | 741.7
67.059 | 983.9
67.082 | 982.1
67.106 | 742.8
67.129 | 571.4
67.152 | 740.2
67.175 | 731.3
67.199 | 589.8
67.222 | 979.9
67.245 | 734.5
67.268 | 455.9
67.291 | 493.0
67.315 | 785.2
67.338 | 494.8
67.361 | 493.1
67.384 | 784.3
67.408 | 913.9
67.431 | 784.5
67.454 | 494.0
67.477 | 493.9
67.500 | 982.0
67.524 | 739.1
67.547 | 743.2
67.570 | 741.9
67.593 | 739.1
67.617 | 739.9
67.640 | 742.7
67.663 | 742.0
67.686 | 738.5
67.709 | 740.5
67.733 | 742.0
67.756 | 742.1
67.779 | 738.7
67.802 | 740.4
67.825 | 741.5
67.849 | 742.3
67.872 | 736.2
67.895 | 740.6
67.918 | 742.1
67.942 | 741.6
67.965 | 736.7
67.988 | 787.5
68.011 | 784.6
68.034 | 493.8
68.058 | 493.9
68.081 | 493.9
68.104 | 494.3
68.127 | 494.3
68.151 | 494.8
68.174 | 663.2
68.197 | 494.0
68.220 | 733.0
68.243 | 740.6
68.267 | 456.7
68.290 | 496.3
68.313 | 494.4
68.336 | 981.6
68.360 | 660.5
68.383 | 658.2
68.406 | 493.7
68.429 | 585.7
68.452 | 983.0
68.476 | 982.7
68.499 | 735.6
68.522 | 494.3
68.545 | 494.2
68.569 | 494.2
68.592 | 494.4
68.615 | 494.4
68.638 | 493.7
68.661 | 497.0
68.685 | 494.2
68.708 | 851.4
68.731 | 851.0
68.754 | 522.1
68.778 | 520.8
68.801 | 852.1
68.824 | 850.3
68.847 | 659.7
68.870 | 726.1
68.894 | 658.2
68.917 | 456.8
68.940 | 456.1
68.963 | 659.3
68.986 | 658.9
69.010 | 657.0
69.033 | 656.5
69.056 | 453.8
69.079 | 457.9
69.103 | 741.3
69.126 | 657.0
69.149 | 656.7
69.172 | 742.7
69.195 | 739.7
69.219 | 740.7
69.242 | 741.3
69.265 | 744.2
69.288 | 390.1
69.312 | 740.2
69.335 | 389.3
69.358 | 493.7
69.381 | 850.5
69.404 | 740.8
69.428 | 494.2
69.451 | 742.5
69.474 | 737.9
69.497 | 741.5
69.521 | 740.9
69.544 | 743.2
69.567 | 738.1
69.590 | 741.8
69.613 | 739.9
69.637 | 493.0
69.660 | 736.5
69.683 | 851.3
69.706 | 784.8
69.730 | 784.5
69.753 | 784.6
69.776 | 783.9
69.799 | 741.1
69.822 | 742.0
69.846 | 737.6
69.869 | 741.5
69.892 | 742.0
69.915 | 741.7
69.939 | 738.5
69.962 | 741.9
69.985 | 741.9
70.008 | 741.9
70.031 | 738.6
70.055 | 741.9
70.078 | 741.8
70.101 | 741.9
70.124 | 737.1
70.147 | 741.1
70.171 | 742.5
70.194 | 742.0
70.217 | 738.9
70.240 | 980.5
70.264 | 741.7
70.287 | 782.7
70.310 | 782.8
70.333 | 981.9
70.356 | 741.2
70.380 | 742.5
70.403 | 736.2
70.426 | 741.4
70.449 | 741.1
70.473 | 882.9
70.496 | 737.9
70.519 | 741.4
70.542 | 783.9
70.565 | 742.3
70.589 | 737.9
70.612 | 739.9
70.635 | 457.8
70.658 | 742.7
70.682 | 850.9
70.705 | 739.3
70.728 | 915.9
70.751 | 652.9
70.774 | 459.1
70.798 | 455.1
70.821 | 458.5
70.844 | 456.6
70.867 | 455.5
70.891 | 456.7
70.914 | 656.8
70.937 | 656.9
70.960 | 785.5
70.983 | 657.5
71.007 | 493.9
71.030 | 493.2
71.053 | 658.6
71.076 | 657.9
71.100 | 657.5
71.123 | 658.6
71.146 | 493.0
71.169 | 493.8
71.192 | 493.0
71.216 | 656.4
71.239 | 655.5
71.262 | 849.9
71.285 | 851.6
71.308 | 655.4
71.332 | 657.6
71.355 | 657.2
71.378 | 850.9
71.401 | 494.2
71.425 | 494.2
71.448 | 784.4
71.471 | 658.6
71.494 | 493.5
71.517 | 523.4
71.541 | 494.3
71.564 | 657.2
71.587 | 657.0
71.610 | 851.4
71.634 | 849.9
71.657 | 786.0
71.680 | 785.3
71.703 | 494.7
71.726 | 494.1
71.750 | 494.1
71.773 | 624.6
71.796 | 590.5
71.819 | 740.1
71.843 | 851.7
71.866 | 851.4
71.889 | 851.0
71.912 | 493.2
71.935 | 493.6
71.959 | 493.1
71.982 | 492.6
72.005 | 678.0
72.028 | 679.3
72.052 | 744.1
72.075 | 730.8
72.098 | 851.8
72.121 | 851.6
72.144 | 850.6
72.168 | 851.0
72.191 | 851.7
72.214 | 851.2
72.237 | 851.0
72.260 | 850.9
72.284 | 740.7
72.307 | 740.3
72.330 | 742.7
72.353 | 740.5
72.377 | 741.2
72.400 | 494.2
72.423 | 494.3
72.446 | 495.1
72.469 | 740.4
72.493 | 851.3
72.516 | 494.4
72.539 | 740.6
72.562 | 740.5
72.586 | 741.4
72.609 | 850.7
72.632 | 851.4
72.655 | 740.0
72.678 | 741.0
72.702 | 742.6
72.725 | 740.3
72.748 | 852.2
72.771 | 850.9
72.795 | 851.2
72.818 | 742.0
72.841 | 850.1
72.864 | 851.4
72.887 | 851.4
72.911 | 851.4
72.934 | 851.7
72.957 | 741.7
72.980 | 657.5
73.004 | 741.2
73.027 | 493.7
73.050 | 655.7
73.073 | 656.8
73.096 | 740.5
73.120 | 655.4
73.143 | 495.5
73.166 | 493.8
73.189 | 741.4
73.213 | 494.1
73.236 | 492.6
73.259 | 492.2
73.282 | 495.1
73.305 | 492.9
73.329 | 657.0
73.352 | 656.9
73.375 | 526.3
73.398 | 532.8
73.421 | 655.6
73.445 | 658.4
73.468 | 658.5
73.491 | 516.4
73.514 | 786.5
73.538 | 660.0
73.561 | 657.8
73.584 | 658.5
73.607 | 570.1
73.630 | 390.7
73.654 | 581.2
73.677 | 658.4
73.700 | 658.5
73.723 | 659.7
73.747 | 661.0
73.770 | 661.5
73.793 | 657.1
73.816 | 662.6
73.839 | 660.0
73.863 | 658.6
73.886 | 741.2
73.909 | 495.0
73.932 | 491.2
73.956 | 493.1
73.979 | 495.6
74.002 | 494.9
74.025 | 390.9
74.048 | 658.6
74.072 | 495.3
74.095 | 493.6
74.118 | 494.2
74.141 | 493.7
74.165 | 657.1
74.188 | 660.0
74.211 | 390.5
74.234 | 389.8
74.257 | 390.3
74.281 | 659.1
74.304 | 658.3
74.327 | 659.0
74.350 | 742.1
74.374 | 499.3
74.397 | 389.4
74.420 | 1554.0
74.443 | 1167.3
74.466 | 1171.1
74.490 | 1561.9
74.513 | 1562.7
74.536 | 1563.6
74.559 | 2335.8
74.582 | 1571.7
74.606 | 990.5
74.629 | 988.4
74.652 | 1572.6
74.675 | 979.5
74.699 | 1171.6
74.722 | 1169.9
74.745 | 1563.1
74.768 | 1554.9
74.791 | 1556.9
74.815 | 1572.4
74.838 | 1572.9
74.861 | 1563.0
74.884 | 1555.9
74.908 | 1560.9
74.931 | 1569.6
74.954 | 988.7
74.977 | 982.0
75.000 | 1561.6
75.024 | 980.6
75.047 | 1170.5
75.070 | 1171.0
75.093 | 1171.4
75.117 | 1556.9
75.140 | 1560.7
75.163 | 1000.5
75.186 | 1483.3
75.209 | 1561.7
75.233 | 1560.9
75.256 | 1552.3
75.279 | 1173.0
75.302 | 1681.1
75.326 | 1166.4
75.349 | 999.9
75.372 | 1486.8
75.395 | 1563.5
75.418 | 1635.0
75.442 | 1562.6
75.465 | 1558.9
75.488 | 1560.8
75.511 | 2871.6
75.535 | 1567.3
75.558 | 1565.9
75.581 | 1564.0
75.604 | 1768.3
75.627 | 3735.6
75.651 | 3823.9
75.674 | 3869.1
75.697 | 3908.0
75.720 | 3478.5
75.743 | 3897.9
75.767 | 3906.1
75.790 | 3914.1
75.813 | 3824.8
75.836 | 3899.3
75.860 | 3649.4
75.883 | 3405.9
75.906 | 3985.2
75.929 | 3907.0
75.952 | 3788.3
75.976 | 3637.1
75.999 | 3874.9
76.022 | 3993.5
76.045 | 3981.2
76.069 | 3925.8
76.092 | 3994.4
76.115 | 3825.0
76.138 | 3993.8
76.161 | 3987.3
76.185 | 3980.3
76.208 | 3985.8
76.231 | 3962.4
76.254 | 3972.1
76.278 | 3982.2
76.301 | 3941.2
76.324 | 3997.5
76.347 | 3974.2
76.370 | 3938.9
76.394 | 3907.1
76.417 | 3943.2
76.440 | 3985.1
76.463 | 3978.0
76.487 | 3962.1
76.510 | 3960.5
76.533 | 3956.9
76.556 | 3976.6
76.579 | 3991.3
76.603 | 3981.2
76.626 | 3853.8
76.649 | 3980.6
76.672 | 3981.4
76.696 | 3989.0
76.719 | 3993.7
76.742 | 3979.8
76.765 | 3976.4
76.788 | 3978.0
76.812 | 3976.9
76.835 | 3925.9
76.858 | 3933.3
76.881 | 3982.7
76.904 | 3902.0
76.928 | 3908.8
76.951 | 3921.9
76.974 | 3959.7
76.997 | 3994.6
77.021 | 3881.3
77.044 | 3848.5
77.067 | 3929.8
77.090 | 3971.4
77.113 | 3964.6
77.137 | 3996.9
77.160 | 3986.8
77.183 | 3982.6
77.206 | 3982.1
77.230 | 3979.2
77.253 | 3800.8
77.276 | 3991.7
77.299 | 3994.2
77.322 | 3920.3
